        207
  1.440000E-01 1.320000E-01 1.320000E-01 1.440000E-01 1.440000E-01 1.440000E-01
  1.440000E-01 1.450000E-01 1.460000E-01 1.470000E-01 1.480000E-01 1.490000E-01
  1.500000E-01 1.510000E-01 1.520000E-01 1.530000E-01 1.550000E-01 1.560000E-01
  1.580000E-01 1.600000E-01 1.620000E-01 1.650000E-01 1.670000E-01 1.690000E-01
  1.710000E-01 1.740000E-01 1.760000E-01 1.790000E-01 1.830000E-01 1.860000E-01
  1.900000E-01 1.940000E-01 1.980000E-01 2.020000E-01 2.070000E-01 2.110000E-01
  2.170000E-01 2.230000E-01 2.290000E-01 2.350000E-01 2.420000E-01 2.500000E-01
  2.570000E-01 2.650000E-01 2.730000E-01 2.820000E-01 2.910000E-01 2.990000E-01
  3.080000E-01 3.170000E-01 3.260000E-01 3.350000E-01 3.440000E-01 3.530000E-01
  3.620000E-01 3.710000E-01 3.800000E-01 3.880000E-01 3.970000E-01 4.060000E-01
  4.140000E-01 4.230000E-01 4.310000E-01 4.390000E-01 4.470000E-01 4.550000E-01
  4.620000E-01 4.700000E-01 4.770000E-01 4.840000E-01 4.910000E-01 4.980000E-01
  5.050000E-01 5.120000E-01 5.180000E-01 5.250000E-01 5.310000E-01 5.370000E-01
  5.430000E-01 5.490000E-01 5.550000E-01 5.600000E-01 5.660000E-01 5.720000E-01
  5.770000E-01 5.830000E-01 5.880000E-01 5.930000E-01 5.990000E-01 6.040000E-01
  6.090000E-01 6.140000E-01 6.180000E-01 6.230000E-01 6.280000E-01 6.320000E-01
  6.360000E-01 6.410000E-01 6.440000E-01 6.480000E-01 6.520000E-01 6.550000E-01
  6.580000E-01 6.610000E-01 6.730000E-01 6.730000E-01 6.610000E-01 6.580000E-01
  6.550000E-01 6.520000E-01 6.480000E-01 6.440000E-01 6.410000E-01 6.360000E-01
  6.320000E-01 6.280000E-01 6.230000E-01 6.180000E-01 6.140000E-01 6.090000E-01
  6.040000E-01 5.990000E-01 5.930000E-01 5.880000E-01 5.830000E-01 5.770000E-01
  5.720000E-01 5.660000E-01 5.600000E-01 5.550000E-01 5.490000E-01 5.430000E-01
  5.370000E-01 5.310000E-01 5.250000E-01 5.180000E-01 5.120000E-01 5.050000E-01
  4.980000E-01 4.910000E-01 4.840000E-01 4.770000E-01 4.700000E-01 4.620000E-01
  4.550000E-01 4.470000E-01 4.390000E-01 4.310000E-01 4.230000E-01 4.140000E-01
  4.060000E-01 3.970000E-01 3.880000E-01 3.800000E-01 3.710000E-01 3.620000E-01
  3.530000E-01 3.440000E-01 3.350000E-01 3.260000E-01 3.170000E-01 3.080000E-01
  2.990000E-01 2.910000E-01 2.820000E-01 2.730000E-01 2.650000E-01 2.570000E-01
  2.500000E-01 2.420000E-01 2.350000E-01 2.290000E-01 2.230000E-01 2.170000E-01
  2.110000E-01 2.070000E-01 2.020000E-01 1.980000E-01 1.940000E-01 1.900000E-01
  1.860000E-01 1.830000E-01 1.790000E-01 1.760000E-01 1.740000E-01 1.710000E-01
  1.690000E-01 1.670000E-01 1.650000E-01 1.620000E-01 1.600000E-01 1.580000E-01
  1.560000E-01 1.550000E-01 1.530000E-01 1.520000E-01 1.510000E-01 1.500000E-01
  1.490000E-01 1.480000E-01 1.470000E-01 1.460000E-01 1.450000E-01 1.440000E-01
  1.440000E-01 1.440000E-01 1.440000E-01
  3.810000E-02 3.810000E-02-3.810000E-02-3.810000E-02-4.710000E-02-5.610000E-02
 -6.500000E-02-7.400000E-02-8.300000E-02-9.190000E-02-1.010000E-01-1.100000E-01
 -1.190000E-01-1.280000E-01-1.370000E-01-1.450000E-01-1.540000E-01-1.630000E-01
 -1.720000E-01-1.810000E-01-1.890000E-01-1.980000E-01-2.070000E-01-2.150000E-01
 -2.240000E-01-2.330000E-01-2.410000E-01-2.500000E-01-2.580000E-01-2.660000E-01
 -2.750000E-01-2.830000E-01-2.910000E-01-2.990000E-01-3.060000E-01-3.140000E-01
 -3.210000E-01-3.280000E-01-3.350000E-01-3.410000E-01-3.470000E-01-3.520000E-01
 -3.560000E-01-3.610000E-01-3.640000E-01-3.670000E-01-3.700000E-01-3.710000E-01
 -3.730000E-01-3.740000E-01-3.750000E-01-3.750000E-01-3.750000E-01-3.740000E-01
 -3.730000E-01-3.720000E-01-3.710000E-01-3.690000E-01-3.660000E-01-3.640000E-01
 -3.610000E-01-3.580000E-01-3.540000E-01-3.500000E-01-3.460000E-01-3.420000E-01
 -3.370000E-01-3.320000E-01-3.270000E-01-3.210000E-01-3.160000E-01-3.100000E-01
 -3.040000E-01-2.980000E-01-2.920000E-01-2.850000E-01-2.790000E-01-2.720000E-01
 -2.660000E-01-2.590000E-01-2.520000E-01-2.450000E-01-2.380000E-01-2.310000E-01
 -2.240000E-01-2.170000E-01-2.100000E-01-2.020000E-01-1.950000E-01-1.880000E-01
 -1.800000E-01-1.730000E-01-1.650000E-01-1.580000E-01-1.500000E-01-1.420000E-01
 -1.340000E-01-1.260000E-01-1.180000E-01-1.100000E-01-1.020000E-01-9.320000E-02
 -8.470000E-02-7.620000E-02-7.620000E-02 7.620000E-02 7.620000E-02 8.470000E-02
  9.320000E-02 1.020000E-01 1.100000E-01 1.180000E-01 1.260000E-01 1.340000E-01
  1.420000E-01 1.500000E-01 1.580000E-01 1.650000E-01 1.730000E-01 1.800000E-01
  1.880000E-01 1.950000E-01 2.020000E-01 2.100000E-01 2.170000E-01 2.240000E-01
  2.310000E-01 2.380000E-01 2.450000E-01 2.520000E-01 2.590000E-01 2.660000E-01
  2.720000E-01 2.790000E-01 2.850000E-01 2.920000E-01 2.980000E-01 3.040000E-01
  3.100000E-01 3.160000E-01 3.210000E-01 3.270000E-01 3.320000E-01 3.370000E-01
  3.420000E-01 3.460000E-01 3.500000E-01 3.540000E-01 3.580000E-01 3.610000E-01
  3.640000E-01 3.660000E-01 3.690000E-01 3.710000E-01 3.720000E-01 3.730000E-01
  3.740000E-01 3.750000E-01 3.750000E-01 3.750000E-01 3.740000E-01 3.730000E-01
  3.710000E-01 3.700000E-01 3.670000E-01 3.640000E-01 3.610000E-01 3.560000E-01
  3.520000E-01 3.470000E-01 3.410000E-01 3.350000E-01 3.280000E-01 3.210000E-01
  3.140000E-01 3.060000E-01 2.990000E-01 2.910000E-01 2.830000E-01 2.750000E-01
  2.660000E-01 2.580000E-01 2.500000E-01 2.410000E-01 2.330000E-01 2.240000E-01
  2.150000E-01 2.070000E-01 1.980000E-01 1.890000E-01 1.810000E-01 1.720000E-01
  1.630000E-01 1.540000E-01 1.450000E-01 1.370000E-01 1.280000E-01 1.190000E-01
  1.100000E-01 1.010000E-01 9.190000E-02 8.300000E-02 7.400000E-02 6.500000E-02
  5.610000E-02 4.710000E-02 3.810000E-02