Li+ 3     H + 0 (1)  / receiver, donor (donor state index)
    9                / number of energies
    1                / nmin
    6                / nmax
              40.      50.      60.      70.      80.      90.     100.     125.     150.   / energies         (keV/amu)
               2.19     2.20     2.19     2.23     2.25     2.30     2.27     2.37     2.42 / alpha
           3.10D-15 1.61D-15 9.04D-16 5.32D-16 3.31D-16 2.69D-16 1.85D-16 7.86D-17 3.79D-17 / total xsects.    (cm2)
  n  l  m                                                                                   / partial xsects.  (cm2)
  1        0.00D+00 0.00D+00 0.00D+00 0.00D+00 0.00D+00 0.00D+00 0.00D+00 0.00D+00 0.00D+00
  1  0     0.00D+00 0.00D+00 0.00D+00 0.00D+00 0.00D+00 0.00D+00 0.00D+00 0.00D+00 0.00D+00
  2        0.00D+00 0.00D+00 0.00D+00 0.00D+00 0.00D+00 5.71D-17 4.17D-17 2.06D-17 1.11D-17
  2  0     0.00D+00 0.00D+00 0.00D+00 0.00D+00 0.00D+00 6.38D-18 5.27D-18 3.38D-18 2.22D-18
  2  1     0.00D+00 0.00D+00 0.00D+00 0.00D+00 0.00D+00 5.07D-17 3.64D-17 1.72D-17 8.84D-18
  2  1  0  0.00D+00 0.00D+00 0.00D+00 0.00D+00 0.00D+00 3.90D-17 2.81D-17 1.32D-17 6.80D-18
  2  1  1  0.00D+00 0.00D+00 0.00D+00 0.00D+00 0.00D+00 5.85D-18 4.19D-18 1.98D-18 1.02D-18
  3        7.68D-16 4.03D-16 2.31D-16 1.40D-16 8.98D-17 5.96D-17 4.08D-17 1.77D-17 8.59D-18
  3  0     2.64D-17 1.65D-17 1.15D-17 8.48D-18 6.44D-18 4.99D-18 3.92D-18 2.24D-18 1.34D-18
  3  1     2.89D-16 1.65D-16 1.01D-16 6.44D-17 4.28D-17 2.92D-17 2.05D-17 9.23D-18 4.58D-18
  3  1  0  2.55D-16 1.44D-16 8.73D-17 5.54D-17 3.65D-17 2.48D-17 1.73D-17 7.67D-18 3.76D-18
  3  1  1  1.71D-17 1.04D-17 6.68D-18 4.49D-18 3.11D-18 2.22D-18 1.61D-18 7.79D-19 4.09D-19
  3  2     4.52D-16 2.21D-16 1.18D-16 6.75D-17 4.06D-17 2.54D-17 1.64D-17 6.21D-18 2.67D-18
  3  2  0  2.65D-16 1.29D-16 6.82D-17 3.86D-17 2.30D-17 1.43D-17 9.19D-18 3.43D-18 1.45D-18
  3  2  1  8.37D-17 4.17D-17 2.26D-17 1.31D-17 7.92D-18 5.00D-18 3.26D-18 1.26D-18 5.49D-19
  3  2  2  9.70D-18 4.68D-18 2.49D-18 1.42D-18 8.51D-19 5.34D-19 3.48D-19 1.35D-19 5.97D-20
  4        5.69D-16 2.94D-16 1.65D-16 9.82D-17 6.15D-17 4.00D-17 2.69D-17 1.12D-17 5.24D-18
  4  0     2.04D-17 1.23D-17 8.19D-18 5.76D-18 4.20D-18 3.14D-18 2.39D-18 1.29D-18 7.45D-19
  4  1     1.90D-16 1.03D-16 6.09D-17 3.80D-17 2.47D-17 1.66D-17 1.15D-17 5.02D-18 2.44D-18
  4  1  0  1.70D-16 9.21D-17 5.39D-17 3.33D-17 2.15D-17 1.44D-17 9.87D-18 4.25D-18 2.03D-18
  4  1  1  1.01D-17 5.71D-18 3.53D-18 2.31D-18 1.58D-18 1.11D-18 8.02D-19 3.84D-19 2.01D-19
  4  2     2.45D-16 1.25D-16 6.88D-17 4.01D-17 2.44D-17 1.54D-17 1.01D-17 3.86D-18 1.67D-18
  4  2  0  1.54D-16 7.74D-17 4.20D-17 2.41D-17 1.45D-17 9.07D-18 5.86D-18 2.19D-18 9.31D-19
  4  2  1  4.01D-17 2.11D-17 1.19D-17 7.11D-18 4.41D-18 2.84D-18 1.88D-18 7.43D-19 3.30D-19
  4  2  2  5.56D-18 2.75D-18 1.49D-18 8.68D-19 5.30D-19 3.38D-19 2.22D-19 8.81D-20 3.97D-20
  4  3     1.13D-16 5.29D-17 2.68D-17 1.44D-17 8.18D-18 4.85D-18 2.98D-18 1.00D-18 3.90D-19
  4  3  0  4.82D-17 2.23D-17 1.12D-17 5.98D-18 3.36D-18 1.97D-18 1.20D-18 3.94D-19 1.49D-19
  4  3  1  2.48D-17 1.16D-17 5.90D-18 3.18D-18 1.81D-18 1.07D-18 6.53D-19 2.18D-19 8.36D-20
  4  3  2  6.46D-18 3.06D-18 1.59D-18 8.77D-19 5.12D-19 3.12D-19 1.97D-19 7.17D-20 3.01D-20
  4  3  3  1.26D-18 5.73D-19 2.92D-19 1.61D-19 9.44D-20 5.82D-20 3.74D-20 1.43D-20 6.34D-21
  5        3.76D-16 1.94D-16 1.08D-16 6.41D-17 3.98D-17 2.57D-17 1.71D-17 6.98D-18 3.22D-18
  5  0     1.49D-17 8.56D-18 5.47D-18 3.73D-18 2.66D-18 1.95D-18 1.46D-18 7.68D-19 4.34D-19
  5  1     1.19D-16 6.38D-17 3.71D-17 2.28D-17 1.47D-17 9.82D-18 6.74D-18 2.90D-18 1.39D-18
  5  1  0  1.06D-16 5.67D-17 3.29D-17 2.02D-17 1.29D-17 8.56D-18 5.84D-18 2.48D-18 1.17D-18
  5  1  1  6.61D-18 3.52D-18 2.10D-18 1.35D-18 9.06D-19 6.31D-19 4.52D-19 2.14D-19 1.11D-19
  5  2     1.41D-16 7.36D-17 4.10D-17 2.40D-17 1.47D-17 9.33D-18 6.09D-18 2.34D-18 1.02D-18
  5  2  0  8.92D-17 4.59D-17 2.52D-17 1.46D-17 8.83D-18 5.54D-18 3.58D-18 1.34D-18 5.69D-19
  5  2  1  2.23D-17 1.21D-17 6.91D-18 4.16D-18 2.60D-18 1.68D-18 1.12D-18 4.45D-19 1.99D-19
  5  2  2  3.68D-18 1.78D-18 9.51D-19 5.48D-19 3.33D-19 2.12D-19 1.39D-19 5.49D-20 2.47D-20
  5  3     7.74D-17 3.79D-17 1.98D-17 1.09D-17 6.31D-18 3.79D-18 2.35D-18 8.05D-19 3.17D-19
  5  3  0  3.50D-17 1.69D-17 8.73D-18 4.76D-18 2.71D-18 1.61D-18 9.86D-19 3.28D-19 1.26D-19
  5  3  1  1.59D-17 7.85D-18 4.13D-18 2.29D-18 1.33D-18 7.96D-19 4.94D-19 1.68D-19 6.52D-20
  5  3  2  3.96D-18 2.02D-18 1.10D-18 6.29D-19 3.76D-19 2.34D-19 1.50D-19 5.61D-20 2.40D-20
  5  3  3  1.41D-18 6.23D-19 3.11D-19 1.69D-19 9.82D-20 6.01D-20 3.84D-20 1.45D-20 6.36D-21
  5  4     2.33D-17 1.03D-17 4.97D-18 2.58D-18 1.41D-18 8.14D-19 4.88D-19 1.57D-19 6.00D-20
  5  4  0  6.42D-18 2.86D-18 1.38D-18 7.06D-19 3.82D-19 2.16D-19 1.27D-19 3.89D-20 1.40D-20
  5  4  1  4.05D-18 1.83D-18 8.88D-19 4.59D-19 2.49D-19 1.42D-19 8.38D-20 2.59D-20 9.43D-21
  5  4  2  2.43D-18 1.05D-18 5.05D-19 2.62D-19 1.44D-19 8.35D-20 5.04D-20 1.65D-20 6.36D-21
  5  4  3  1.53D-18 6.59D-19 3.21D-19 1.71D-19 9.71D-20 5.83D-20 3.66D-20 1.33D-20 5.63D-21
  5  4  4  4.21D-19 1.77D-19 8.50D-20 4.50D-20 2.57D-20 1.55D-20 9.78D-21 3.62D-21 1.57D-21
  6        2.52D-16 1.30D-16 7.24D-17 4.27D-17 2.64D-17 1.69D-17 1.13D-17 4.53D-18 2.07D-18
  6  0     1.05D-17 5.87D-18 3.67D-18 2.46D-18 1.73D-18 1.26D-18 9.34D-19 4.83D-19 2.70D-19
  6  1     7.65D-17 4.07D-17 2.36D-17 1.44D-17 9.26D-18 6.15D-18 4.21D-18 1.80D-18 8.59D-19
  6  1  0  6.76D-17 3.61D-17 2.09D-17 1.28D-17 8.14D-18 5.37D-18 3.65D-18 1.54D-18 7.25D-19
  6  1  1  4.45D-18 2.30D-18 1.34D-18 8.45D-19 5.62D-19 3.89D-19 2.77D-19 1.30D-19 6.71D-20
  6  2     8.68D-17 4.58D-17 2.57D-17 1.51D-17 9.29D-18 5.90D-18 3.86D-18 1.48D-18 6.43D-19
  6  2  0  5.46D-17 2.86D-17 1.59D-17 9.23D-18 5.60D-18 3.52D-18 2.27D-18 8.53D-19 3.61D-19
  6  2  1  1.36D-17 7.43D-18 4.29D-18 2.59D-18 1.63D-18 1.06D-18 7.03D-19 2.81D-19 1.25D-19
  6  2  2  2.53D-18 1.19D-18 6.30D-19 3.60D-19 2.17D-19 1.37D-19 9.00D-20 3.53D-20 1.58D-20
  6  3     5.13D-17 2.57D-17 1.36D-17 7.61D-18 4.43D-18 2.67D-18 1.67D-18 5.75D-19 2.27D-19
  6  3  0  2.33D-17 1.16D-17 6.07D-18 3.34D-18 1.92D-18 1.14D-18 7.04D-19 2.36D-19 9.05D-20
  6  3  1  1.02D-17 5.16D-18 2.77D-18 1.56D-18 9.12D-19 5.52D-19 3.44D-19 1.18D-19 4.62D-20
  6  3  2  2.64D-18 1.39D-18 7.68D-19 4.44D-19 2.67D-19 1.67D-19 1.08D-19 4.04D-20 1.73D-20
  6  3  3  1.15D-18 4.98D-19 2.44D-19 1.31D-19 7.56D-20 4.59D-20 2.92D-20 1.09D-20 4.73D-21
  6  4     1.89D-17 8.69D-18 4.32D-18 2.28D-18 1.27D-18 7.39D-19 4.47D-19 1.46D-19 5.62D-20
  6  4  0  5.04D-18 2.35D-18 1.17D-18 6.13D-19 3.37D-19 1.92D-19 1.14D-19 3.52D-20 1.27D-20
  6  4  1  3.77D-18 1.76D-18 8.71D-19 4.56D-19 2.50D-19 1.43D-19 8.52D-20 2.66D-20 9.73D-21
  6  4  2  1.50D-18 6.63D-19 3.27D-19 1.74D-19 9.79D-20 5.76D-20 3.52D-20 1.18D-20 4.63D-21
  6  4  3  1.08D-18 5.11D-19 2.65D-19 1.47D-19 8.61D-20 5.29D-20 3.38D-20 1.27D-20 5.50D-21
  6  4  4  5.73D-19 2.36D-19 1.12D-19 5.83D-20 3.28D-20 1.96D-20 1.22D-20 4.44D-21 1.90D-21
  6  5     7.92D-18 3.22D-18 1.48D-18 7.40D-19 3.98D-19 2.26D-19 1.35D-19 4.39D-20 1.71D-20
  6  5  0  9.43D-19 4.07D-19 1.90D-19 9.51D-20 5.03D-20 2.80D-20 1.62D-20 4.85D-21 1.73D-21
  6  5  1  1.20D-18 4.84D-19 2.19D-19 1.09D-19 5.77D-20 3.25D-20 1.92D-20 6.10D-21 2.33D-21
  6  5  2  6.33D-19 2.65D-19 1.23D-19 6.21D-20 3.33D-20 1.88D-20 1.11D-20 3.50D-21 1.31D-21
  6  5  3  8.23D-19 3.31D-19 1.51D-19 7.53D-20 4.05D-20 2.31D-20 1.39D-20 4.57D-21 1.79D-21
  6  5  4  6.42D-19 2.54D-19 1.17D-19 5.99D-20 3.31D-20 1.94D-20 1.20D-20 4.21D-21 1.75D-21
  6  5  5  1.88D-19 7.30D-20 3.31D-20 1.67D-20 9.16D-21 5.34D-21 3.28D-21 1.15D-21 4.77D-22
    9                / number of energies
    1                / nmin
    6                / nmax
             200.     300.     400.     500.     600.     700.     800.     900.    1000.   / energies         (keV/amu)
               2.50     2.59     2.66     2.71     2.73     2.75     2.78     2.80     2.79 / alpha
           1.14D-17 1.86D-18 6.61D-19 2.50D-19 1.12D-19 5.58D-20 3.04D-20 1.76D-20 1.07D-20 / total xsects.    (cm2)
  n  l  m                                                                                   / partial xsects.  (cm2)
  1        0.00D+00 0.00D+00 1.82D-19 8.90D-20 4.68D-20 2.62D-20 1.55D-20 9.55D-21 6.11D-21
  1  0     0.00D+00 0.00D+00 1.82D-19 8.90D-20 4.68D-20 2.62D-20 1.55D-20 9.55D-21 6.11D-21
  2        3.85D-18 7.48D-19 2.11D-19 7.54D-20 3.15D-20 1.48D-20 7.60D-21 4.18D-21 2.44D-21
  2  0     1.02D-18 2.73D-19 9.19D-20 3.68D-20 1.67D-20 8.33D-21 4.49D-21 2.57D-21 1.54D-21
  2  1     2.83D-18 4.75D-19 1.19D-19 3.86D-20 1.49D-20 6.48D-21 3.12D-21 1.62D-21 8.93D-22
  2  1  0  2.16D-18 3.59D-19 8.92D-20 2.85D-20 1.09D-20 4.70D-21 2.24D-21 1.15D-21 6.32D-22
  2  1  1  3.33D-19 5.82D-20 1.52D-20 5.05D-21 2.00D-21 8.93D-22 4.39D-22 2.32D-22 1.31D-22
  3        2.58D-18 4.15D-19 1.05D-19 3.47D-20 1.37D-20 6.20D-21 3.08D-21 1.65D-21 9.43D-22
  3  0     5.43D-19 1.24D-19 3.82D-20 1.44D-20 6.28D-21 3.04D-21 1.60D-21 8.97D-22 5.31D-22
  3  1     1.39D-18 2.17D-19 5.22D-20 1.64D-20 6.17D-21 2.65D-21 1.26D-21 6.47D-22 3.55D-22
  3  1  0  1.12D-18 1.69D-19 3.99D-20 1.23D-20 4.57D-21 1.94D-21 9.09D-22 4.62D-22 2.51D-22
  3  1  1  1.35D-19 2.38D-20 6.16D-21 2.04D-21 8.03D-22 3.57D-22 1.75D-22 9.24D-23 5.19D-23
  3  2     6.47D-19 7.42D-20 1.44D-20 3.88D-21 1.30D-21 5.09D-22 2.25D-22 1.09D-22 5.71D-23
  3  2  0  3.43D-19 3.75D-20 6.95D-21 1.78D-21 5.64D-22 2.10D-22 8.78D-23 4.03D-23 2.00D-23
  3  2  1  1.36D-19 1.62D-20 3.26D-21 8.98D-22 3.07D-22 1.23D-22 5.52D-23 2.72D-23 1.44D-23
  3  2  2  1.56D-20 2.12D-21 4.91D-22 1.55D-22 6.01D-23 2.69D-23 1.33D-23 7.18D-24 4.12D-24
  4        1.49D-18 2.24D-19 5.42D-20 1.74D-20 6.76D-21 3.00D-21 1.48D-21 7.85D-22 4.44D-22
  4  0     2.85D-19 6.12D-20 1.83D-20 6.74D-21 2.89D-21 1.38D-21 7.21D-22 4.02D-22 2.37D-22
  4  1     7.15D-19 1.08D-19 2.54D-20 7.86D-21 2.93D-21 1.25D-21 5.90D-22 3.02D-22 1.65D-22
  4  1  0  5.84D-19 8.51D-20 1.95D-20 5.93D-21 2.17D-21 9.14D-22 4.27D-22 2.16D-22 1.17D-22
  4  1  1  6.58D-20 1.14D-20 2.93D-21 9.66D-22 3.78D-22 1.67D-22 8.16D-23 4.30D-23 2.41D-23
  4  2     4.07D-19 4.67D-20 9.10D-21 2.45D-21 8.20D-22 3.22D-22 1.43D-22 6.94D-23 3.64D-23
  4  2  0  2.19D-19 2.37D-20 4.35D-21 1.10D-21 3.49D-22 1.29D-22 5.38D-23 2.47D-23 1.22D-23
  4  2  1  8.34D-20 1.01D-20 2.04D-21 5.65D-22 1.94D-22 7.78D-23 3.51D-23 1.74D-23 9.27D-24
  4  2  2  1.05D-20 1.46D-21 3.39D-22 1.07D-22 4.16D-23 1.86D-23 9.24D-24 4.97D-24 2.86D-24
  4  3     8.07D-20 7.70D-21 1.39D-21 3.65D-22 1.24D-22 5.00D-23 2.30D-23 1.16D-23 6.36D-24
  4  3  0  2.94D-20 2.53D-21 4.11D-22 9.90D-23 3.11D-23 1.18D-23 5.18D-24 2.53D-24 1.34D-24
  4  3  1  1.67D-20 1.45D-21 2.33D-22 5.42D-23 1.63D-23 5.85D-24 2.41D-24 1.10D-24 5.49D-25
  4  3  2  7.24D-21 8.92D-22 1.95D-22 5.90D-23 2.21D-23 9.64D-24 4.68D-24 2.47D-24 1.40D-24
  4  3  3  1.69D-21 2.47D-22 6.04D-23 1.99D-23 7.89D-24 3.59D-24 1.80D-24 9.77D-25 5.64D-25
  5        8.91D-19 1.29D-19 3.07D-20 9.75D-21 3.75D-21 1.65D-21 8.08D-22 4.28D-22 2.41D-22
  5  0     1.62D-19 3.38D-20 9.92D-21 3.62D-21 1.54D-21 7.34D-22 3.81D-22 2.12D-22 1.24D-22
  5  1     4.03D-19 5.97D-20 1.39D-20 4.27D-21 1.58D-21 6.73D-22 3.17D-22 1.62D-22 8.81D-23
  5  1  0  3.31D-19 4.73D-20 1.07D-20 3.23D-21 1.18D-21 4.93D-22 2.29D-22 1.16D-22 6.24D-23
  5  1  1  3.61D-20 6.22D-21 1.59D-21 5.22D-22 2.03D-22 8.98D-23 4.37D-23 2.30D-23 1.29D-23
  5  2     2.47D-19 2.83D-20 5.48D-21 1.47D-21 4.91D-22 1.92D-22 8.51D-23 4.13D-23 2.17D-23
  5  2  0  1.33D-19 1.43D-20 2.61D-21 6.61D-22 2.08D-22 7.68D-23 3.20D-23 1.46D-23 7.21D-24
  5  2  1  5.03D-20 6.09D-21 1.23D-21 3.40D-22 1.16D-22 4.67D-23 2.10D-23 1.04D-23 5.53D-24
  5  2  2  6.53D-21 8.96D-22 2.07D-22 6.51D-23 2.51D-23 1.12D-23 5.53D-24 2.97D-24 1.70D-24
  5  3     6.65D-20 6.42D-21 1.17D-21 3.10D-22 1.06D-22 4.31D-23 1.99D-23 1.02D-23 5.59D-24
  5  3  0  2.49D-20 2.16D-21 3.53D-22 8.54D-23 2.70D-23 1.03D-23 4.55D-24 2.23D-24 1.19D-24
  5  3  1  1.32D-20 1.14D-21 1.82D-22 4.20D-23 1.25D-23 4.46D-24 1.82D-24 8.30D-25 4.11D-25
  5  3  2  5.92D-21 7.49D-22 1.66D-22 5.12D-23 1.94D-23 8.52D-24 4.17D-24 2.21D-24 1.26D-24
  5  3  3  1.67D-21 2.39D-22 5.80D-23 1.90D-23 7.51D-24 3.41D-24 1.71D-24 9.26D-25 5.34D-25
  5  4     1.25D-20 1.29D-21 2.59D-22 7.45D-23 2.71D-23 1.15D-23 5.50D-24 2.86D-24 1.60D-24
  5  4  0  2.60D-21 2.24D-22 3.92D-23 1.03D-23 3.49D-24 1.41D-24 6.48D-25 3.28D-25 1.78D-25
  5  4  1  1.79D-21 1.60D-22 2.90D-23 7.88D-24 2.75D-24 1.14D-24 5.37D-25 2.76D-25 1.53D-25
  5  4  2  1.33D-21 1.35D-22 2.59D-23 7.09D-24 2.45D-24 1.00D-24 4.60D-25 2.32D-25 1.26D-25
  5  4  3  1.40D-21 1.84D-22 4.17D-23 1.30D-23 4.95D-24 2.18D-24 1.07D-24 5.66D-25 3.21D-25
  5  4  4  4.05D-22 5.59D-23 1.32D-23 4.20D-24 1.63D-24 7.30D-25 3.61D-25 1.94D-25 1.11D-25
  6        5.65D-19 8.05D-20 1.89D-20 5.95D-21 2.28D-21 1.00D-21 4.87D-22 2.57D-22 1.45D-22
  6  0     9.93D-20 2.04D-20 5.93D-21 2.15D-21 9.12D-22 4.33D-22 2.24D-22 1.24D-22 7.29D-23
  6  1     2.46D-19 3.60D-20 8.34D-21 2.55D-21 9.44D-22 4.00D-22 1.88D-22 9.59D-23 5.22D-23
  6  1  0  2.03D-19 2.86D-20 6.45D-21 1.93D-21 7.03D-22 2.94D-22 1.36D-22 6.87D-23 3.70D-23
  6  1  1  2.17D-20 3.72D-21 9.49D-22 3.11D-22 1.21D-22 5.33D-23 2.59D-23 1.36D-23 7.61D-24
  6  2     1.56D-19 1.78D-20 3.45D-21 9.23D-22 3.08D-22 1.20D-22 5.32D-23 2.58D-23 1.35D-23
  6  2  0  8.43D-20 9.01D-21 1.64D-21 4.14D-22 1.30D-22 4.80D-23 2.00D-23 9.12D-24 4.50D-24
  6  2  1  3.18D-20 3.84D-21 7.74D-22 2.14D-22 7.31D-23 2.92D-23 1.32D-23 6.49D-24 3.45D-24
  6  2  2  4.17D-21 5.68D-22 1.31D-22 4.09D-23 1.57D-23 6.98D-24 3.44D-24 1.84D-24 1.05D-24
  6  3     4.78D-20 4.61D-21 8.34D-22 2.21D-22 7.52D-23 3.05D-23 1.41D-23 7.19D-24 3.95D-24
  6  3  0  1.80D-20 1.56D-21 2.54D-22 6.12D-23 1.93D-23 7.34D-24 3.23D-24 1.58D-24 8.41D-25
  6  3  1  9.39D-21 8.16D-22 1.30D-22 2.99D-23 8.86D-24 3.15D-24 1.29D-24 5.83D-25 2.88D-25
  6  3  2  4.27D-21 5.38D-22 1.19D-22 3.64D-23 1.38D-23 6.04D-24 2.95D-24 1.57D-24 8.87D-25
  6  3  3  1.23D-21 1.73D-22 4.16D-23 1.35D-23 5.33D-24 2.41D-24 1.21D-24 6.54D-25 3.77D-25
  6  4     1.18D-20 1.26D-21 2.57D-22 7.55D-23 2.79D-23 1.20D-23 5.79D-24 3.05D-24 1.71D-24
  6  4  0  2.34D-21 1.99D-22 3.48D-23 9.24D-24 3.19D-24 1.31D-24 6.11D-25 3.13D-25 1.73D-25
  6  4  1  1.85D-21 1.67D-22 3.05D-23 8.36D-24 2.95D-24 1.23D-24 5.84D-25 3.02D-25 1.68D-25
  6  4  2  9.92D-22 1.04D-22 2.06D-23 5.81D-24 2.06D-24 8.60D-25 4.03D-25 2.07D-25 1.14D-25
  6  4  3  1.41D-21 1.92D-22 4.45D-23 1.40D-23 5.41D-24 2.40D-24 1.18D-24 6.32D-25 3.60D-25
  6  4  4  4.84D-22 6.59D-23 1.54D-23 4.91D-24 1.91D-24 8.52D-25 4.22D-25 2.26D-25 1.29D-25
  6  5     3.71D-21 4.13D-22 8.55D-23 2.50D-23 9.15D-24 3.91D-24 1.87D-24 9.74D-25 5.44D-25
  6  5  0  3.23D-22 2.81D-23 4.85D-24 1.23D-24 4.01D-25 1.55D-25 6.80D-26 3.29D-26 1.72D-26
  6  5  1  4.93D-22 5.35D-23 1.09D-23 3.18D-24 1.16D-24 4.93D-25 2.35D-25 1.22D-25 6.83D-26
  6  5  2  2.66D-22 2.62D-23 4.91D-24 1.33D-24 4.59D-25 1.87D-25 8.56D-26 4.31D-26 2.34D-26
  6  5  3  3.95D-22 4.39D-23 8.98D-24 2.59D-24 9.37D-25 3.96D-25 1.87D-25 9.70D-26 5.38D-26
  6  5  4  4.24D-22 5.40D-23 1.21D-23 3.73D-24 1.42D-24 6.22D-25 3.04D-25 1.61D-25 9.14D-26
  6  5  5  1.16D-22 1.50D-23 3.40D-24 1.06D-24 4.05D-25 1.79D-25 8.77D-26 4.67D-26 2.65D-26
    9                / number of energies
    1                / nmin
    6                / nmax
            2000.    3000.    4000.    5000.    6000.    7000.    8000.    9000.   10000.   / energies         (keV/amu)
               2.85     2.86     2.87     2.86     2.88     2.85     2.85     2.88     2.87 / alpha
           3.58D-22 4.39D-23 9.50D-24 2.84D-24 1.05D-24 4.49D-25 2.14D-25 1.11D-25 6.19D-26 / total xsects.    (cm2)
  n  l  m                                                                                   / partial xsects.  (cm2)
  1        2.48D-22 3.22D-23 7.16D-24 2.17D-24 8.11D-25 3.49D-25 1.67D-25 8.73D-26 4.86D-26
  1  0     2.48D-22 3.22D-23 7.16D-24 2.17D-24 8.11D-25 3.49D-25 1.67D-25 8.73D-26 4.86D-26
  2        6.16D-23 6.69D-24 1.35D-24 3.88D-25 1.39D-25 5.84D-26 2.75D-26 1.41D-26 7.75D-27
  2  0     4.59D-23 5.29D-24 1.11D-24 3.24D-25 1.18D-25 4.99D-26 2.36D-26 1.22D-26 6.73D-27
  2  1     1.58D-23 1.39D-24 2.46D-25 6.41D-26 2.14D-26 8.50D-27 3.83D-27 1.90D-27 1.02D-27
  2  1  0  1.05D-23 8.74D-25 1.47D-25 3.66D-26 1.17D-26 4.49D-27 1.95D-27 9.39D-28 4.88D-28
  2  1  1  2.65D-24 2.59D-25 4.94D-26 1.37D-26 4.83D-27 2.00D-27 9.38D-28 4.81D-28 2.65D-28
  3        2.16D-23 2.26D-24 4.50D-25 1.28D-25 4.57D-26 1.91D-26 8.93D-27 4.57D-27 2.51D-27
  3  0     1.47D-23 1.65D-24 3.41D-25 9.91D-26 3.59D-26 1.51D-26 7.14D-27 3.67D-27 2.02D-27
  3  1     6.07D-24 5.33D-25 9.42D-26 2.46D-26 8.26D-27 3.29D-27 1.49D-27 7.42D-28 3.99D-28
  3  1  0  3.97D-24 3.28D-25 5.49D-26 1.37D-26 4.38D-27 1.68D-27 7.31D-28 3.52D-28 1.84D-28
  3  1  1  1.05D-24 1.02D-25 1.97D-26 5.49D-27 1.94D-27 8.08D-28 3.79D-28 1.95D-28 1.08D-28
  3  2     8.50D-25 7.85D-26 1.50D-26 4.25D-27 1.52D-27 6.43D-28 3.06D-28 1.59D-28 8.85D-29
  3  2  0  1.74D-25 1.04D-26 1.42D-27 3.06D-28 8.92D-29 3.18D-29 1.32D-29 6.14D-30 3.12D-30
  3  2  1  2.33D-25 2.22D-26 4.30D-27 1.22D-27 4.37D-28 1.85D-28 8.76D-29 4.55D-29 2.53D-29
  3  2  2  1.04D-25 1.19D-26 2.52D-27 7.52D-28 2.80D-28 1.21D-28 5.85D-29 3.08D-29 1.73D-29
  4        9.82D-24 1.02D-24 2.01D-25 5.71D-26 2.03D-26 8.48D-27 3.97D-27 2.03D-27 1.12D-27
  4  0     6.37D-24 7.10D-25 1.46D-25 4.23D-26 1.53D-26 6.43D-27 3.03D-27 1.56D-27 8.59D-28
  4  1     2.77D-24 2.41D-25 4.25D-26 1.11D-26 3.71D-27 1.48D-27 6.68D-28 3.32D-28 1.78D-28
  4  1  0  1.81D-24 1.48D-25 2.47D-26 6.14D-27 1.97D-27 7.52D-28 3.28D-28 1.58D-28 8.21D-29
  4  1  1  4.79D-25 4.65D-26 8.89D-27 2.47D-27 8.72D-28 3.63D-28 1.70D-28 8.72D-29 4.81D-29
  4  2     5.57D-25 5.24D-26 1.01D-26 2.88D-27 1.04D-27 4.39D-28 2.09D-28 1.09D-28 6.07D-29
  4  2  0  1.05D-25 6.24D-27 8.50D-28 1.84D-28 5.39D-29 1.94D-29 8.08D-30 3.78D-30 1.93D-30
  4  2  1  1.54D-25 1.49D-26 2.90D-27 8.26D-28 2.98D-28 1.26D-28 5.99D-29 3.12D-29 1.74D-29
  4  2  2  7.22D-26 8.21D-27 1.74D-27 5.21D-28 1.94D-28 8.38D-29 4.05D-29 2.13D-29 1.20D-29
  4  3     1.29D-25 1.36D-26 2.79D-27 8.14D-28 2.98D-28 1.28D-28 6.11D-29 3.20D-29 1.79D-29
  4  3  0  2.46D-26 2.58D-27 5.26D-28 1.54D-28 5.64D-29 2.42D-29 1.16D-29 6.07D-30 3.40D-30
  4  3  1  6.00D-27 4.59D-28 7.62D-29 1.92D-29 6.30D-30 2.47D-30 1.10D-30 5.45D-31 2.90D-31
  4  3  2  3.19D-26 3.47D-27 7.16D-28 2.10D-28 7.73D-29 3.32D-29 1.59D-29 8.34D-30 4.67D-30
  4  3  3  1.43D-26 1.61D-27 3.38D-28 1.00D-28 3.72D-29 1.60D-29 7.73D-30 4.06D-30 2.28D-30
  5        5.25D-24 5.41D-25 1.07D-25 3.03D-26 1.08D-26 4.49D-27 2.10D-27 1.08D-27 5.92D-28
  5  0     3.30D-24 3.66D-25 7.52D-26 2.18D-26 7.85D-27 3.31D-27 1.56D-27 8.01D-28 4.41D-28
  5  1     1.47D-24 1.27D-25 2.24D-26 5.84D-27 1.95D-27 7.77D-28 3.51D-28 1.74D-28 9.36D-29
  5  1  0  9.59D-25 7.83D-26 1.30D-26 3.24D-27 1.04D-27 3.96D-28 1.72D-28 8.29D-29 4.31D-29
  5  1  1  2.54D-25 2.46D-26 4.69D-27 1.30D-27 4.59D-28 1.91D-28 8.92D-29 4.58D-29 2.53D-29
  5  2     3.28D-25 3.07D-26 5.93D-27 1.68D-27 6.05D-28 2.56D-28 1.22D-28 6.33D-29 3.53D-29
  5  2  0  6.17D-26 3.64D-27 4.95D-28 1.07D-28 3.12D-29 1.12D-29 4.67D-30 2.18D-30 1.11D-30
  5  2  1  9.10D-26 8.73D-27 1.70D-27 4.83D-28 1.74D-28 7.35D-29 3.50D-29 1.82D-29 1.01D-29
  5  2  2  4.24D-26 4.80D-27 1.02D-27 3.04D-28 1.13D-28 4.88D-29 2.36D-29 1.24D-29 6.98D-30
  5  3     1.17D-25 1.26D-26 2.59D-27 7.59D-28 2.79D-28 1.19D-28 5.74D-29 3.00D-29 1.68D-29
  5  3  0  2.26D-26 2.39D-27 4.91D-28 1.44D-28 5.30D-29 2.27D-29 1.09D-29 5.72D-30 3.21D-30
  5  3  1  4.45D-27 3.45D-28 5.82D-29 1.49D-29 4.97D-30 1.97D-30 8.91D-31 4.44D-31 2.39D-31
  5  3  2  2.94D-26 3.23D-27 6.69D-28 1.97D-28 7.27D-29 3.12D-29 1.50D-29 7.86D-30 4.41D-30
  5  3  3  1.35D-26 1.52D-27 3.20D-28 9.52D-29 3.52D-29 1.52D-29 7.33D-30 3.85D-30 2.16D-30
  5  4     3.48D-26 3.72D-27 7.61D-28 2.22D-28 8.15D-29 3.49D-29 1.67D-29 8.74D-30 4.89D-30
  5  4  0  3.43D-27 3.49D-28 6.96D-29 2.00D-29 7.24D-30 3.07D-30 1.46D-30 7.61D-31 4.25D-31
  5  4  1  3.23D-27 3.43D-28 7.01D-29 2.05D-29 7.48D-30 3.20D-30 1.53D-30 8.01D-31 4.49D-31
  5  4  2  2.29D-27 2.26D-28 4.43D-29 1.26D-29 4.51D-30 1.90D-30 9.02D-31 4.67D-31 2.60D-31
  5  4  3  7.48D-27 8.17D-28 1.69D-28 4.99D-29 1.83D-29 7.88D-30 3.79D-30 1.98D-30 1.11D-30
  5  4  4  2.68D-27 2.97D-28 6.20D-29 1.84D-29 6.77D-30 2.91D-30 1.40D-30 7.36D-31 4.13D-31
  6        3.12D-24 3.21D-25 6.34D-26 1.80D-26 6.39D-27 2.67D-27 1.25D-27 6.39D-28 3.51D-28
  6  0     1.92D-24 2.13D-25 4.37D-26 1.26D-26 4.56D-27 1.92D-27 9.03D-28 4.64D-28 2.56D-28
  6  1     8.65D-25 7.50D-26 1.32D-26 3.43D-27 1.15D-27 4.56D-28 2.06D-28 1.02D-28 5.49D-29
  6  1  0  5.65D-25 4.61D-26 7.67D-27 1.90D-27 6.08D-28 2.32D-28 1.01D-28 4.86D-29 2.53D-29
  6  1  1  1.50D-25 1.45D-26 2.75D-27 7.64D-28 2.69D-28 1.12D-28 5.23D-29 2.68D-29 1.48D-29
  6  2     2.03D-25 1.89D-26 3.65D-27 1.03D-27 3.71D-28 1.57D-28 7.47D-29 3.88D-29 2.16D-29
  6  2  0  3.82D-26 2.25D-27 3.05D-28 6.59D-29 1.92D-29 6.88D-30 2.86D-30 1.34D-30 6.82D-31
  6  2  1  5.64D-26 5.39D-27 1.05D-27 2.97D-28 1.07D-28 4.52D-29 2.15D-29 1.11D-29 6.21D-30
  6  2  2  2.61D-26 2.95D-27 6.24D-28 1.86D-28 6.91D-29 2.99D-29 1.44D-29 7.60D-30 4.27D-30
  6  3     8.23D-26 8.81D-27 1.81D-27 5.32D-28 1.95D-28 8.37D-29 4.02D-29 2.10D-29 1.18D-29
  6  3  0  1.58D-26 1.67D-27 3.44D-28 1.01D-28 3.71D-29 1.59D-29 7.64D-30 4.00D-30 2.24D-30
  6  3  1  3.08D-27 2.38D-28 4.02D-29 1.03D-29 3.43D-30 1.36D-30 6.16D-31 3.07D-31 1.65D-31
  6  3  2  2.07D-26 2.26D-27 4.70D-28 1.38D-28 5.09D-29 2.19D-29 1.05D-29 5.51D-30 3.09D-30
  6  3  3  9.48D-27 1.07D-27 2.24D-28 6.67D-29 2.47D-29 1.06D-29 5.14D-30 2.70D-30 1.52D-30
  6  4     3.89D-26 4.21D-27 8.70D-28 2.55D-28 9.39D-29 4.03D-29 1.93D-29 1.01D-29 5.67D-30
  6  4  0  3.58D-27 3.77D-28 7.65D-29 2.23D-29 8.13D-30 3.47D-30 1.66D-30 8.66D-31 4.84D-31
  6  4  1  3.66D-27 3.93D-28 8.06D-29 2.36D-29 8.67D-30 3.71D-30 1.78D-30 9.32D-31 5.22D-31
  6  4  2  2.28D-27 2.35D-28 4.72D-29 1.36D-29 4.95D-30 2.11D-30 1.00D-30 5.23D-31 2.92D-31
  6  4  3  8.56D-27 9.43D-28 1.96D-28 5.79D-29 2.13D-29 9.17D-30 4.41D-30 2.31D-30 1.30D-30
  6  4  4  3.13D-27 3.48D-28 7.26D-29 2.15D-29 7.93D-30 3.41D-30 1.64D-30 8.62D-31 4.84D-31
  6  5     1.18D-26 1.25D-27 2.56D-28 7.49D-29 2.74D-29 1.17D-29 5.62D-30 2.94D-30 1.64D-30
  6  5  0  2.45D-28 2.11D-29 3.77D-30 1.01D-30 3.45D-31 1.40D-31 6.44D-32 3.26D-32 1.78D-32
  6  5  1  1.47D-27 1.56D-28 3.19D-29 9.31D-30 3.41D-30 1.46D-30 6.98D-31 3.65D-31 2.04D-31
  6  5  2  4.29D-28 4.27D-29 8.41D-30 2.40D-30 8.65D-31 3.65D-31 1.73D-31 9.00D-32 5.01D-32
  6  5  3  1.12D-27 1.17D-28 2.38D-29 6.92D-30 2.52D-30 1.08D-30 5.15D-31 2.68D-31 1.50D-31
  6  5  4  2.12D-27 2.31D-28 4.79D-29 1.41D-29 5.20D-30 2.23D-30 1.07D-30 5.62D-31 3.15D-31
  6  5  5  6.25D-28 6.86D-29 1.43D-29 4.20D-30 1.55D-30 6.66D-31 3.20D-31 1.68D-31 9.41D-32
   -1   -1
C------------------------------------------------------------------------------------------
C
C  nlm resolved bare nucleus charge exchange data  formatted to ADF01
C
C  Receiver:      Li+3
C
C  Donor:         H +0 (ground state )
C
C  Source:        Data from Gayet - 20 Dec. 1991
C
C  Reformatting:  Primary using JETSHP.STRIP.FORT(TEXSTRIP)
C
C  Completion:    Total & alpha using JETSHP.STRIP.FORT(GAYET)
C
C  Compiler    :  Completed by H. P. Summers 24 Apr. 1992
C------------------------------------------------------------------------------------------
 
C---------------------------------------------------------------------------------
C ADAS ADF01 DATA - SCCS info: @(#)$Header: /home/adascvs/adas/adf01/qcx#h0/qcx#h0_gyt#li3.dat,v 2.1 2004/07/06 21:15:14 whitefor Exp $ Date $Date: 2004/07/06 21:15:14 $
C---------------------------------------------------------------------------------

C-----------------------------------------------------------------------
C                               OPEN-ADAS
C                               +++++++++
C
C This file has been downloaded from OPEN-ADAS (http://open.adas.ac.uk)
C on 23-Jan-2024.
C
C TERMS AND CONDITIONS
C --------------------
C
C The user of the OPEN-ADAS system and data (hereinafter "the User")
C accepts the following terms and conditions:
C
C   1. The University of Strathclyde uses all reasonable endeavours to
C      ensure the accuracy of the data provided and any information
C      given, but the University makes no warranty, expressed or implied
C      as to its accuracy, integrity, fitness for purpose and shall not
C      be responsible for the use to which the data is put by the User
C      and/or any consequences arising out of any inaccuracies or
C      omissions.
C
C   2. Any downloaded OPEN-ADAS file is made available for the
C      personal use of the User only.  It must not be used for any
C      commercial application, incorporated into any web site or in
C      any form re-distributed without express prior written permission
C      from the ADAS Project. In particular, but not by way of
C      limitation, it must not be:
C        *  inserted into a managed database structure,
C        *  redistributed along with a modelling or analysis code,
C        *  made available on a public website.
C
C Permission for OPEN-ADAS data incorporation in non-commercial
C code/system development for scientific advance will not be
C unreasonably withheld, but will be subject to written agreement
C on a case by case basis.
C
C The User will indemnify the University of Strathclyde and keep it
C fully and effectively indemnified against each and every claim made
C against the University as a result of the User's use of the data.
C
C-----------------------------------------------------------------------
